$ANSIBLE_VAULT;1.1;AES256
33313238643939353161343136326433383535316161656231383739336162633737333263666138
3731616335646538646365666561393363366533376536610a636534336466346235326466346537
35343935393462343366326534643637356665653234623334333265633130323730323239653832
6437623238653431650a303565626438326631333039663637656538336633393133306366373961
36666235323366313864316534363837323361633136383130616135313531633331633164333837
38356335323562316561346539346361663038313738303834656662326566316564393434363161
62373337373533626632616131633963356331623466383361323438346365313232386437326533
37393436383966393837303063323662643030666538306634396333326161383335663431336566
34623461663730613865613061633737656535363365653461366133383162653633386333343531
61313762316335633362613230616431393661306337643733653134303033323030373063613238
34333636363339316636626137636239646130356536393630346433393562373363363364633534
36316530393934396136383032346635616465326462313136623665633862666461383331386537
63353634626566366236323565623939643364343830313462306562323635373130373961393033
30643865336339653335336663316232666361373465666365386231616563643632376563393034
39323235323937313863343161313739346663313962613433333561666466316138626630323535
32363234326436343831
